S111,0.031835288,0.035010025,0.038572114,0.029343177,0.014237155,0.020973269,0.021428581,0.021265281,0.015671827,0.013458346,0.0017580963,0.0019359101,0.0015762547,0.0030926345,0.0005120051
S328,0.009663697,0.012032201,0.009428501,0.008802732,0.007030357,0.007555582,0.0031116165,0.0027954932,0.0021248597,0.0018139082,0.00078936864,0.0008204945,-1.8621586e-05,0.00019361966,0.00011833032
S194,0.0024247249,0.0038772125,0.0019148717,0.0027011228,0.00042101167,0.0005366026,0.0004929067,6.0513983e-05,0.00027924185,6.2964646e-05,0.0004170547,0.00046296732,-2.3516714e-10,3.470238e-10,2.977981e-10
S200,0.04868429,0.048091486,0.049424402,0.04514015,0.031800948,0.0052207015,0.028374497,0.022094036,0.020336196,0.030808404,0.018256161,0.030334864,0.013507487,0.014153256,6.2803294e-05
S172,0.063424006,0.06481453,0.0105192615,0.009667582,0.024965981,0.030410914,0.0032005,0.0045848507,0.00024352012,-0.0010022307,-0.00018368039,0.0012482653,0.0012318223,0.00018154275,1.3226534e-09
S327,0.018906735,0.01747658,0.01681133,0.016811585,0.014389769,0.015894126,0.0022679414,0.0023615127,-0.0005624718,0.0002494586,0.00011175399,0.0001229062,0.0001225711,1.9857736e-05,4.655541e-07
S12,0.012700637,0.016215838,0.014476316,0.009858994,0.007574119,0.0088049015,0.0055294978,0.005428001,0.006477787,0.005200004,-0.00030483145,0.0013023069,0.003625384,0.0024477243,0.0019027729
S58,0.059953634,0.05920946,0.068585195,0.04457656,0.04704214,0.037649203,0.005963573,0.00089789083,0.0053963475,0.0014068129,0.01338832,0.008594622,0.00012636499,0.00012588466,5.3749194e-10
S138,0.030480033,0.033128627,0.010006298,0.012882848,0.01226212,0.014388025,0.013391863,0.011171162,0.0024677855,-0.002214913,0.0063726697,0.0062308894,-0.00033197473,0.0010294614,0.001424848
S7,0.036047332,0.038846236,0.012200699,0.015131403,0.03210013,0.005288232,0.006895523,0.005731421,0.02010501,0.016229393,0.007225459,0.007831375,0.0022808854,0.001530459,0.0007223024
S169,0.035329025,0.04176839,0.03748346,0.023337584,0.02268398,0.030119892,0.011949496,0.014390948,0.01654103,0.014533542,0.0053282296,0.0039150356,0.013054087,0.01254868,0.007285909
S44,0.01867992,0.018295119,0.011732923,0.009189753,0.0077256896,0.009763575,0.005752222,0.0024846697,0.004213912,0.005869729,0.004911594,0.0047668777,0.0008587321,0.0008511956,2.4870133e-05
S104,0.042399533,0.04195679,0.04838993,0.0566425,0.0254292,0.04053406,0.0320199,0.03768869,0.0064173737,0.00787589,0.0016002929,0.0021474864,0.00038191822,0.001029711,7.4723306e-05
S265,0.05978162,0.057469476,0.03864875,0.04908486,0.0052714306,0.0022673495,0.0016185228,0.0013790022,8.027559e-05,0.00014090078,-5.9332633e-06,4.5826047e-05,5.2057403e-06,2.6859796e-06,-1.4720801e-09
S188,0.05268411,0.055947002,0.043128245,0.04396409,0.03432881,0.02627832,0.0026990299,0.0020143786,0.00082467095,0.000107489715,-0.00013204377,0.0019066219,0.00070789247,0.00061233784,-2.7799813e-05
S237,0.002453185,0.0028882476,0.0028879498,0.0024172561,0.0024229947,0.002069018,0.00019489949,0.0006495391,0.0003035888,0.00010977404,0.00062173,0.0006752793,0.00010848559,0.00018207241,6.139783e-05
S238,0.0113826115,0.010455892,0.007510746,0.0061934683,0.0049744966,0.0035908122,0.0025976705,0.0026894875,0.00137504,0.0014238837,0.00011486114,-4.3779914e-05,0.0001887939,0.00026197595,0.0001667531
S67,0.03624252,0.035671007,0.03147135,0.031237364,0.038839504,0.020576451,0.009434086,0.015236237,0.0033949527,0.004272067,7.082532e-05,0.0007073633,0.00012382373,0.00019656339,-1.3843561e-09
S84,0.04685232,0.046116635,0.048942164,0.04365736,0.064463295,0.010669999,0.00064936874,0.00023042492,1.4755475e-05,0.0005803582,-2.0802236e-10,1.2925077e-08,9.881074e-11,-3.6550447e-09,-3.3862646e-09
S235,0.053805035,0.057282846,0.00519697,0.0058318144,0.02360975,0.019361004,0.004770224,0.0112501485,5.3336917e-09,-2.8417833e-09,2.2335929e-09,-6.688641e-11,-1.042921e-09,-1.4313968e-09,-9.506527e-11
S208,0.014498093,0.015666083,0.012373212,0.006053617,0.0049761967,0.007421228,0.0030816917,0.0042376695,0.0019025484,0.0022612105,0.0002014466,0.00028332788,0.00044485478,0.00045766257,0.00018328082
S48,0.02397963,0.027434757,0.025465012,0.023872463,0.010193483,0.012909559,0.00943095,0.009767174,0.0031624627,0.003833273,0.0014402447,0.0016633092,0.00094137545,0.0010867165,0.00083700736
S127,-2.0057669e-06,0.06729778,0.04768301,0.047712673,0.06720567,0.00387561,0.04744211,0.04752621,0.029672693,0.05586172,0.038589325,0.038622886,0.0015227018,0.0018959036,8.44464e-05
S213,0.07609608,0.0791527,0.025817264,0.022883113,0.019504812,0.017557314,0.019239625,0.015317754,0.00839708,0.009640339,0.00034194466,0.00019109088,5.533558e-05,4.8719496e-05,1.0081348e-05
S247,0.036975272,0.039979942,0.004918074,0.002292777,0.018887889,0.01866496,0.0011896162,0.01693811,0.0070050615,0.0062540052,0.0005301402,0.0010991192,0.00023192505,0.00026349776,0.00031821654
S130,0.01862059,0.024466163,0.019459201,0.013266891,0.019630633,0.014178477,0.0068622967,0.0064041736,0.0052205017,0.005166995,0.0055101826,0.0054559237,0.0004793814,0.00019016962,-1.83113e-09
S20,0.027719146,0.03699547,0.024951955,0.039000418,0.02149196,0.012185915,0.017917084,0.013591515,0.003666183,0.0050763334,0.010023859,0.007212456,-0.0001968819,0.0010397608,4.037551e-06
S5,0.04140066,0.038388822,0.021145834,0.022933021,0.019422337,0.020799069,0.0051959176,0.004376813,0.003128844,0.0036590816,0.002019079,0.00196271,0.0011971145,0.0011351686,-3.460511e-09
S151,0.040256754,0.040477782,0.039529044,0.039739963,0.044903725,0.03351689,0.044879574,0.03144609,0.011683577,0.008223017,0.008141138,0.0063933274,0.0050178412,0.0053583584,0.0001018568
S17,0.03509603,0.033542994,0.03921235,0.01406826,0.00993016,0.010822875,0.009017268,0.007972733,0.0071610697,0.012578324,0.0029474553,0.0019285136,0.00024203207,5.7976045e-05,2.0021615e-09
S255,0.065762244,0.06881046,0.04835573,0.05103019,0.046520658,0.042696856,0.006143849,0.006340435,0.032632496,0.017529964,4.7822046e-05,2.782769e-06,3.2579212e-06,2.6870322e-05,2.6656997e-05
S243,0.037934963,0.04479783,0.03719715,0.040107597,0.04315049,0.03619628,0.020515552,0.021568468,0.0009744333,0.0009616601,1.812767e-09,1.7039703e-09,5.734492e-09,-1.6252008e-09,1.0841712e-09
S9,0.0228358,0.02593656,0.024040775,0.033420067,-0.0014115346,0.023050187,0.0036519151,0.006939983,0.00058206124,0.0008030913,0.00037442104,0.00055955147,-4.215798e-10,-1.9400817e-09,2.2230027e-09
S95,0.050534137,0.047630765,0.04370641,0.028661089,0.010176617,0.05877358,0.037674706,0.0512571,0.026847323,0.021478081,0.008305384,0.0058958074,0.0006629735,0.00056309986,0.00034659388
S196,0.048465244,0.048332244,0.009810914,0.010551692,0.044952422,0.015998222,0.011900753,0.012065987,0.007616662,0.0082736835,0.0038843746,0.0040327646,0.0015379295,0.0024867281,0.00021306408
S197,0.046111036,0.057135932,0.032422833,0.030896762,0.012040415,0.009341621,0.0036248218,0.019749044,0.018374579,0.018253287,0.016722394,0.014377301,0.006903869,0.011726057,0.00086068327
S65,0.024303269,0.065788895,0.012085902,0.06994079,0.055529363,0.0454126,0.0015991263,0.05572835,0.03660152,0.054593716,0.06542967,0.0035192615,0.028626326,0.05776617,1.17762e-09
S11,0.02207459,0.02079408,0.019069716,0.01955224,0.016041007,0.012706903,0.0026896994,0.002909566,0.0001603564,0.00029944166,0.0004020952,5.014353e-05,0.00016533623,9.2554736e-05,-3.2946582e-06
S42,0.033127982,0.0431256,0.03408424,0.038524713,0.037093528,0.01605297,0.026417863,0.02846615,0.015716543,0.012539167,0.011987383,0.011827211,0.00056098023,0.0001448337,4.1390875e-05
S63,0.08369332,0.08397762,0.030027004,0.03703944,0.049866926,0.04049762,0.010690783,0.0107852565,0.009374829,0.0066522956,0.04532302,0.035402805,0.035861414,0.03579358,0.0031938674
S56,0.04605588,0.046027444,0.061925877,0.01846266,0.039197665,0.047119822,0.0466525,0.033185203,0.0367349,0.03536803,0.020189896,0.020193443,4.2560496e-06,4.159624e-06,6.172061e-09
S299,0.08131155,0.006225509,0.038233608,0.02959454,0.08471988,0.0022077914,0.039342105,0.03214565,0.027607987,-0.005394777,0.014211657,0.032967426,0.010251221,0.025552614,3.1553802e-09
S81,0.053863265,0.05343098,0.04663452,0.03727619,0.055816498,0.011242159,0.02752829,0.02257263,0.024597585,0.023213532,0.0012568025,0.0012209438,0.00032859246,0.00043895468,2.2154052e-05
S301,0.033043917,0.032343473,0.022178927,0.016899513,-0.0020040544,0.0006607431,0.0022257713,0.0011599157,0.00013875836,0.00042826522,0.00038828296,7.2892115e-05,0.000108934204,4.6060424e-05,1.474147e-05
S92,0.024674984,0.02487829,0.016408993,0.02425265,0.011072778,0.02033861,0.0033665984,4.6646084e-05,0.0017581965,0.0017232327,0.0002468257,0.00069822324,0.00014232121,0.00027860203,0.00041198047
S86,0.058906753,0.059414096,-0.009448977,-0.012037459,0.04514201,0.04247771,0.0035238245,0.007353134,0.026433516,0.024724625,0.007420788,0.010434474,0.0071479017,0.009426425,0.007792572
S214,0.020046929,0.020820415,0.017114263,0.01494198,0.0011721622,7.9643796e-05,0.009501688,0.009843971,0.0004281194,0.007648815,0.0011520727,0.0012811713,7.231161e-05,0.0011288951,4.7485777e-05
S69,0.018456379,0.017787872,0.00017945078,-0.002472687,0.0062574246,0.0063046524,0.004547459,0.0044486537,0.005500699,0.0030377954,0.0036365425,0.0031479264,0.003446906,0.0031635498,0.0011510903
S269,0.046909507,0.047107182,0.053173024,0.034407668,0.059438284,0.020117054,0.043112904,0.043189064,6.0928655e-06,2.007269e-05,4.6982054e-06,-1.3492295e-06,-8.063872e-09,-1.5221627e-08,-1.7579235e-09
S246,0.053011578,0.051576603,0.021463675,0.02182443,0.043689065,0.042810325,4.2010192e-06,3.5933958e-06,0.020364778,0.02265267,0.00021630386,0.00036133145,9.144999e-05,4.355072e-05,7.532469e-05
S267,0.0024248664,0.0014353466,-0.00042712365,0.0020882813,0.00042067486,0.0004818085,0.0003235426,0.00025819737,2.4297104e-05,9.99083e-06,2.63776e-06,1.1481616e-05,9.2688666e-08,1.08318446e-07,-3.220693e-11
S218,0.032702927,0.032862198,0.036966328,0.027140422,-4.7959194e-05,0.00096354063,0.0003962152,0.0002733151,1.9576924e-05,0.00016357783,-1.0407735e-05,6.8472214e-06,-4.033708e-10,-2.9707314e-09,5.098171e-09
S1,0.07226442,0.07146643,-0.0016081997,-0.0007163327,0.068961024,0.07028071,0.04038771,0.042460073,0.023024784,0.010454198,0.015382965,0.013594474,0.036561612,0.030969271,0.013133814
S270,0.03696392,0.037322074,0.036258146,0.039905246,0.03804483,0.037697595,0.033720132,0.020221958,0.021014515,0.012170919,-0.0012820365,0.0019740853,0.0016969682,0.0014195533,0.00013886532
S205,0.05964784,0.05923763,0.06298877,0.0074684266,0.0055316202,0.0010122161,-0.00022839099,0.001431823,0.00026642845,0.00043928277,0.00010711865,0.000102843005,7.749229e-06,8.285876e-06,4.3740865e-06
S29,0.046645194,0.0377168,-0.0018053621,0.0014824804,0.0058539584,0.0054522315,0.0022517212,0.0025946659,0.0006928875,0.0002637929,2.234315e-05,1.1588124e-05,3.1537114e-05,1.0125358e-05,1.7341545e-06
S114,0.005416656,0.003064759,0.0017602075,0.0015637848,1.2366368e-05,0.0006815697,0.0016730202,0.0016161752,0.00017377593,0.00029503336,0.00015083599,5.9050813e-06,2.3389257e-05,2.6309835e-05,-9.981072e-12
S68,0.033725627,0.047570463,0.0133581385,0.020890841,0.04131089,0.031847414,0.0050841933,0.017560847,0.01568063,0.017702635,0.010661683,0.010640698,0.0012667156,0.0009618302,8.599127e-06
S52,0.047175277,0.046900768,0.02935052,0.029162591,0.032124124,0.032605108,0.031136371,0.031084117,0.0011998953,0.0013216354,0.0005047218,0.0002170834,0.00010126674,0.00012834228,8.5059335e-05
S23,0.024050172,0.027761372,-0.005290794,-0.003475203,0.006728485,0.008625562,0.0011963425,0.008732099,0.009505124,0.011198757,0.0014473198,0.0011904228,0.00023608752,-0.00018405986,1.6446867e-10
S319,0.040044766,0.05105268,0.036420904,0.026982103,0.028054407,0.028065355,0.0018124466,0.0012932966,0.00095904735,0.00133742,-7.147445e-09,2.0347628e-09,2.597274e-09,-5.621861e-09,-1.948394e-09
S274,0.04734518,0.04701385,0.045279752,0.04721022,0.06752287,0.056991417,0.007772351,0.009657915,0.008515199,0.007857111,0.0011269671,0.0010383204,5.461333e-05,5.555719e-05,7.8801116e-07
S153,0.07767597,0.07755236,0.03013908,0.029774362,0.018970653,0.050035533,0.019352883,0.019953938,0.037790705,0.021490963,0.0015709136,0.0013926479,3.1775573e-05,0.000106214015,3.7406306e-05
S212,0.056617707,0.060136415,0.0123048825,0.0123674385,0.020143924,0.023078233,0.014845258,-0.0059357723,0.009720291,0.008329759,0.0014971609,0.0013383689,0.00036880714,0.0006835825,0.0014815197
S317,0.01534947,0.093122564,0.061637554,0.05921635,0.027196217,0.05624639,0.0026935956,0.0049989396,0.027569244,0.012330684,0.027402952,0.010849478,0.0030425806,0.0038594443,6.271656e-06
S229,0.0335887,0.03152769,0.019271359,0.020029336,0.01873292,0.01249996,0.02191399,0.022124257,-0.00014444905,0.0005884127,0.0016022864,0.00068456004,-0.00026900278,0.0008525156,-4.62647e-05
S10,0.011932,0.0650302,0.04242012,0.054749586,0.0427437,0.04285117,0.045296654,0.0451971,0.03800779,0.037939113,6.611416e-05,8.687428e-05,3.9876505e-07,6.1347083e-07,-8.9747754e-10
S186,0.031701736,0.046591625,0.03217296,0.033327527,0.015556957,0.03184964,0.03057771,0.003907848,0.021818187,0.014549363,0.011712354,0.006989579,0.0005244638,0.00035880378,0.00025951106
S291,0.017630266,0.01574198,0.016325776,0.0121646,0.011085738,0.0103291115,0.009492137,0.0065542078,0.002236398,0.0058340193,0.00035823268,-0.0010356938,1.9595139e-09,2.3815911e-09,-8.4725377e-10
S144,0.038731996,0.032115128,0.027616587,0.020600546,0.006533163,0.006743301,0.0069762594,0.005216039,0.0016667204,0.0011963216,0.0008429506,0.00056785037,3.6847596e-05,3.854074e-05,-2.4040983e-09
S150,0.04687955,0.03933423,0.05263563,0.039855987,0.035995223,0.03704483,0.03523751,0.028869096,0.013275758,0.012894,-0.0006648343,-0.0012070058,0.00041789073,0.0021285769,9.212363e-06
S131,0.0012715807,0.0009025332,0.0008738564,0.00063461525,5.155828e-05,0.00020052539,1.1790663e-05,1.3908515e-05,5.3481712e-11,7.4419325e-11,-9.9956415e-12,1.1086264e-10,-2.7972232e-11,6.32193e-11,8.496179e-11
S31,0.04026975,0.041275185,0.039336294,0.039260946,0.04140628,0.035940595,0.02304459,0.02303986,0.001176214,0.0015804531,0.00013348751,0.00014000434,5.4632997e-06,1.8943219e-06,8.664255e-09
S79,0.03746639,0.0375919,0.0383044,0.038322903,0.04592381,0.035932764,0.029866131,0.027240911,0.0013165106,0.0012829934,0.0008024027,0.0012987325,0.00012673052,7.674458e-05,6.7125926e-05
S116,0.041382305,0.027249709,0.011104283,0.02174355,0.023856852,0.0007398867,0.008057622,0.011095326,0.013430926,0.012855462,-1.5921545e-05,0.00013952967,7.973127e-06,4.5937563e-06,-9.655302e-10
S141,0.020379452,0.018464644,0.019010536,0.015545322,0.018321343,0.013680214,0.01639938,0.01509302,0.0012714831,0.0021713139,0.00077519886,0.0016353551,0.0001539896,0.00012319621,-1.0195331e-09
S37,0.032440886,0.03133884,0.03240837,0.027899912,0.029201709,0.016318014,0.00020116603,0.00037604966,0.0012190285,-0.0011186769,0.00090559927,0.00011161963,0.0020287232,0.0029109798,0.00022422167
S72,0.045627184,0.035210304,0.028450247,0.033202443,0.04535436,0.016334524,0.01119664,0.024430053,0.016677067,0.017542036,0.00033331546,0.000512994,6.6471073e-10,5.582114e-09,6.5412316e-09
S137,0.006197542,0.0040731947,0.0052354727,0.0028443043,0.0005922222,0.00066555134,0.00031981058,0.00021255307,0.00011292377,7.512128e-05,2.561291e-07,1.988692e-06,4.6153177e-06,4.880032e-06,2.794134e-10
S228,0.027883379,0.029361557,0.03155805,0.013905271,0.016006818,0.02115402,0.007174194,0.007485937,0.0073458008,0.0053724805,0.0063784095,0.0067770723,0.0009017301,0.00033454035,0.00019967424
S315,0.04318306,0.045821276,0.022502627,0.021864237,0.02086604,0.0398637,0.031575665,0.036731023,0.017345807,0.017599858,0.003933353,0.0038554925,0.0018665635,0.0024221784,6.4706575e-05
S283,0.02890834,0.03380515,0.005110558,0.008575878,0.014864247,0.014996225,0.011042019,0.009342243,0.0021061306,0.0020827863,0.0047486154,0.004508353,0.002840867,0.0032850269,4.8715283e-05
S128,0.060862616,0.058782123,0.0038399582,0.0032404193,0.043575272,0.022443507,0.019539377,0.02046015,0.0021851705,0.00047531904,0.009565146,0.009411482,0.00043650498,6.4684e-05,0.00019559162
S220,0.031731997,0.027526509,-0.00012503489,-0.00019130712,0.0008667954,0.0007202604,9.260844e-05,0.0003028985,0.00046694145,0.0001505911,0.00012856997,0.00019844303,-3.4834718e-06,4.611658e-07,7.5615826e-05
S98,0.025617233,0.028744426,0.032792367,0.00087119424,0.021448646,0.02253101,0.020910308,0.01966749,0.00065241946,0.00041052658,6.622585e-05,0.00012282984,1.2996553e-05,1.03856355e-05,3.6782624e-06
S154,0.045843333,0.0458211,0.036219038,0.052405495,0.04419052,0.04548811,0.00076921284,0.00095402513,0.0004815101,0.00047030096,0.00031039154,0.00010242428,5.7520643e-05,0.00016136598,1.3895145e-05
S122,0.051564045,0.06357631,0.048235815,0.04916205,0.044375435,0.031160604,0.0027906895,0.006416994,0.01616761,0.010203093,0.004550396,0.0010424993,0.0011196859,0.005154061,-0.00010523001
S149,0.057865523,0.066771135,0.029358348,0.021685967,0.041348543,0.035296615,0.043418366,0.0055513037,0.030493487,0.0243084,0.008444445,0.0112930285,0.00042474593,1.1852887e-05,2.0119282e-05
S352,0.030823102,0.061486755,0.029505119,0.060375765,0.047342606,0.04867464,0.05729266,0.026708154,0.040797982,0.048305046,0.0128538655,0.023161206,1.0001703e-06,1.7409449e-06,-7.0648154e-09
S61,0.048188664,0.04382827,0.020372258,0.0270008,0.018893953,0.015975688,-0.007143225,0.00043195148,0.01701481,0.011213664,0.01190102,0.013285766,0.0031231106,0.01053516,-0.000133066
S234,0.012493099,0.013945325,0.012333545,0.009804227,0.00932109,0.009988673,0.0035761702,0.002630386,0.0013165326,0.0030434423,0.0016296438,0.0016193993,0.0011680058,0.0011220063,0.000457731
S272,0.0478507,0.048354127,0.033240445,0.033263046,0.031685323,0.040156186,0.0041509517,0.003724337,0.0021803635,0.002517211,0.0028600928,0.0032058216,0.0003704664,0.00039733038,1.5930562e-09
S264,0.014092,0.016185155,0.010769675,0.014172297,0.010216894,0.010227502,0.014439849,-0.00086037786,0.0034619956,0.00397762,0.00021203232,0.00020452298,0.00014885733,3.6928883e-05,3.249268e-05
S120,0.034979705,0.04462456,0.037409388,0.037797958,-0.0011725883,0.003736815,0.026499555,0.024945455,0.0145666795,0.025840543,0.019059757,0.016003275,0.017570281,0.015218084,0.015380253
S14,0.06462444,0.016981553,0.046919044,0.047479816,0.046383783,0.048768885,0.06894984,0.006166305,0.026303487,0.048583608,0.0005244072,0.00051258475,3.6628971e-06,6.328375e-06,5.672336e-06
S50,0.050122984,0.04908487,0.04542198,0.044635512,0.0447321,0.04090668,0.039251924,0.04239448,0.036237016,0.033546645,0.028554939,0.037877597,0.00015184711,0.00015011946,5.998023e-07
S136,0.0034402332,0.0051216707,0.00042840786,0.000829072,0.00048446268,0.0001647799,0.00019742653,0.00021220457,7.881207e-05,0.00012942741,-2.5139133e-12,8.572907e-11,1.9574968e-10,-4.2717073e-11,3.0299964e-11
S221,0.013279635,0.01230281,0.000439012,-0.00030506065,0.0030161883,0.0028811896,0.0007138459,0.00059188,0.0013987178,0.0015491359,0.000573362,0.000402102,0.00015205693,0.00011243614,-1.1473252e-05
S174,0.07719411,0.0066732955,0.048452526,0.046665523,0.05173543,0.019378405,0.044142086,0.04412914,0.037038546,0.04212553,0.024987888,0.022654686,1.0307679e-05,1.0304201e-05,-9.504705e-10
S259,0.039775483,0.04919719,0.0098325005,0.009502958,0.027486432,0.028143037,0.0038774933,0.0042118877,0.0009156769,0.00091839145,0.00095266575,0.0012549075,0.000621551,0.0005968689,9.3659364e-05
S45,0.022457894,0.02211682,0.0043231524,0.0042954893,0.0023450933,0.0017872134,0.00050114485,0.0001616346,0.0020320117,0.0008013753,7.3752576e-10,4.770105e-10,-3.5110947e-09,-3.9454526e-10,5.30709e-09
S296,0.022146752,0.022523876,0.021946918,0.022221116,0.0010475712,0.00084845175,0.000476723,0.0004142241,0.00044813319,0.00016212378,0.0002808142,0.00033181012,-4.6906363e-09,-3.173815e-09,6.679102e-11
S91,0.023244215,0.022671958,0.016028024,0.02139391,0.016994406,0.012537163,0.0013893974,7.6275915e-05,0.0022082936,0.0018446195,0.0013343478,0.0013587433,0.0011654904,0.0012897431,0.00056032796
S46,0.019347783,0.02740347,0.013322078,0.0106065525,0.0040167975,0.005379673,0.0004217369,0.0058473116,0.0032289475,0.0027750612,0.0015752942,0.0018908253,1.6782661e-09,1.6921764e-10,3.5160402e-10
S59,0.0462913,0.046385687,0.04178677,0.046617016,0.037051033,0.049942154,0.041945215,0.041996114,0.031236978,0.03139903,0.0011192858,0.0010321761,0.0001255502,0.00042926392,4.1495647e-09
S304,0.053651515,0.05445209,0.046515733,0.03863728,0.064461485,0.06063198,0.012096364,0.012056361,0.03879869,0.038453735,0.026559265,0.027209727,0.00060785963,0.00030169467,1.29549835e-05
S70,0.012665232,0.01189665,0.010781629,0.010648768,0.008204395,0.010876698,0.0013253036,0.0011047093,0.000414065,0.0005780521,0.0003846225,0.00033590448,2.3378365e-05,-3.7923792e-06,-4.077021e-10
S121,0.06262797,0.061312255,0.034816347,0.038859695,-0.016230814,-0.0074812286,0.016090458,0.0038209062,0.023127843,0.012259581,-0.0015276163,0.0073470175,0.0015112032,0.0019175248,0.001821073
S249,0.050635308,0.060987007,0.0014971088,0.0012752253,0.022375027,0.031668767,0.0009803915,0.0010669463,0.0004553325,0.00029446074,-7.1839743e-09,-2.1137168e-10,-2.7450892e-10,-2.7008205e-09,-8.514445e-10
S30,0.0636922,0.06557136,0.04023563,0.052036893,0.054253947,0.03616551,0.0018860738,0.020089885,6.294925e-05,4.10272e-05,2.3234394e-05,1.5261574e-05,1.6961172e-06,9.0160074e-07,1.3604692e-06
S96,0.037038773,0.033763975,0.022895303,0.028201183,0.03738049,0.0039922576,0.038272504,0.01220054,0.006174658,0.0066815736,0.00023343138,0.00014657115,-8.226138e-06,3.8799233e-05,-6.011309e-09
S94,0.047794335,0.04776814,0.049446125,0.045046967,0.044822402,0.051280193,0.046580613,0.04314944,0.00046476652,0.0004074162,2.237796e-09,-1.1886806e-09,1.0074559e-09,-1.7150238e-09,-5.3331313e-09
S8,0.020028226,0.01914726,0.0151740415,0.016884092,0.012881767,0.012678886,0.014708804,0.012495542,0.0013450121,0.0013569095,0.0003189553,0.00047813036,0.0003912966,0.00046577264,1.1634802e-05
S277,0.045926206,0.04606252,0.048535712,0.04321738,0.050664824,0.03824927,0.041332692,0.03703893,0.0007150777,0.0018507381,-1.3747801e-05,0.00023946425,9.663987e-06,1.4339294e-05,2.4714225e-05
S40,0.039157007,0.048127294,0.027757863,0.03390992,0.007336172,0.007317742,0.00090657483,0.00081305177,3.514989e-05,0.00053829834,0.00017360593,0.00011084985,3.6762806e-06,3.1974923e-06,4.306283e-07
S60,0.04959528,0.045270097,0.011459782,0.066263534,0.065509446,0.0144468825,0.04736237,0.047412753,0.062048607,0.024499873,0.046216622,0.04609453,3.9446995e-06,8.394559e-08,3.52854e-09
S254,0.010561396,0.009996946,0.010039719,0.01012234,-0.0020015892,-0.0011837119,0.00084708456,0.0011391487,0.0012125788,0.0006054929,0.0014773165,-0.0001650287,0.00086932787,0.001327114,0.00030665644
S152,0.010910473,0.011290515,0.008854902,0.013734018,0.010164057,0.009213532,0.004683086,0.003486342,0.0021978733,0.001562923,0.00021911201,0.00019026163,0.00019778867,0.00023914831,1.5744087e-10
S300,0.02552563,0.028162917,0.008910471,0.014069124,-0.0003153249,-0.0013750938,0.0007688278,0.00036307375,0.0012959979,0.0007912623,-1.2078711e-05,1.8695458e-05,-6.147223e-05,-5.469097e-05,4.67305e-05
S179,0.03634451,0.02671233,0.035613403,0.027400082,0.019310938,0.019431835,0.0145437475,0.009808875,0.0069612255,0.009321074,0.00017895161,0.0023192954,9.354011e-05,5.8195215e-05,-3.1175462e-09
S97,0.0034927868,0.005411419,-0.0013319409,0.00035237608,0.0014436241,0.0012958923,0.00010893282,0.00020522291,-1.1856831e-10,-7.7169174e-11,7.7044274e-11,-2.4185737e-10,-5.805902e-12,-3.815235e-12,8.370097e-11
S99,0.047704,0.0412507,0.03236691,0.03202364,0.015986372,0.01765301,0.017052181,0.023564234,0.009323294,0.008826304,0.0073125386,0.007620248,0.00021331792,0.00061401393,2.2920505e-05
S276,0.021498946,0.0129407,0.00470242,0.008444384,0.008725261,0.0051905853,0.0032395234,0.0042237258,5.9071197e-05,6.485651e-05,7.1353147e-06,4.6460345e-06,6.872372e-10,-8.384185e-12,-5.60502e-10
S321,0.05454631,0.047201317,0.030882608,0.031547435,0.005461947,0.0383756,-0.0026596936,0.0036151097,0.024808396,0.02866809,0.015409878,0.020771272,0.0123387445,0.011642779,0.000108834625
S183,0.017498333,0.017131405,0.01465149,0.014251747,0.003585444,0.00278245,0.002964541,0.0015401465,0.00073104014,0.0007653985,6.4940796e-06,-3.745485e-06,1.8213261e-10,-6.9329725e-10,1.009504e-09
S252,0.052930497,0.052645955,0.04470083,0.041290898,0.034774456,0.054018203,0.06489774,0.010020635,0.045048796,0.041619226,0.04120019,0.041340273,0.048676502,0.0287573,0.00015410621
S112,0.044459563,0.03427277,0.046395157,0.028399922,0.026069418,0.02606766,0.023388932,0.023606127,0.025938815,0.020521566,0.023739036,0.024592837,0.009064435,0.019580767,0.016850574
S36,0.04554381,0.044013694,0.00679863,0.0071976953,0.0353391,0.02972747,0.019832954,0.02543106,0.010163413,0.01759182,0.008057905,0.0016024468,0.012083462,0.0014425846,1.9890002e-05
S330,0.043950524,0.043940715,0.043696456,0.043698724,0.047442477,0.03873105,0.024962297,0.026603231,0.022396933,0.019564977,0.00017372875,1.4738867e-05,1.8198809e-05,-9.4262605e-06,-1.8386165e-06
S289,0.024638757,0.030165186,0.0251982,0.032376427,-0.00016770499,0.0034812575,0.002947836,0.0016936534,0.0011148083,-0.0003150196,2.923402e-10,2.8730065e-09,3.3234306e-09,-1.662201e-09,-2.049635e-09
S62,0.03634135,0.030042872,0.018672284,0.02575825,0.018656379,0.017588519,0.0005131332,0.0062159677,0.01290472,0.011770739,0.007890224,0.009301205,0.0048532425,0.0038098083,0.0011594513
S129,0.06314993,0.07251301,0.028175533,0.02864123,0.0016232578,0.001142373,0.057270724,0.0071601965,0.011626828,0.014857317,0.0013256179,0.0011474376,0.0009052975,0.00029255863,0.0008656936
S187,0.005852434,0.008398103,0.0023220745,0.00095823494,0.0005937443,0.00055866246,0.0019289997,0.0036810045,0.0016594523,0.00061571755,0.0007380682,0.0008350787,5.0940894e-06,5.113414e-05,-7.5467604e-10
S295,0.067468695,0.06653255,0.045400336,0.0420844,0.029141815,0.024996867,0.016745111,0.018541975,0.0073397732,0.0051736617,0.0034996818,0.0031714127,6.607092e-05,0.00050423405,4.5454417e-05
S55,0.044830997,0.045216534,0.043632682,0.04366652,0.03913706,0.040474303,0.0343263,0.03418508,0.033838693,0.032012958,0.035449628,0.036373198,0.00064442854,-6.229333e-05,0.0002628799
S51,0.04203933,0.032808527,0.03303182,0.026819857,0.034447946,0.0058254953,0.022955019,0.024948083,-0.0005554949,-0.00029664882,0.0008547011,0.0011225188,0.0018821021,7.713773e-05,0.00024808725
S192,0.06415454,0.058211997,-0.0043990193,-0.0056055016,0.035443597,0.03274613,0.020930499,0.022616051,0.015481152,0.018807413,0.005928813,0.0062569473,0.0022935476,0.0022611546,0.000454957
S100,0.06695497,0.07607734,0.02939058,0.029588107,0.013773376,-0.018220715,0.030275717,0.030378107,-0.006135942,-0.0052734907,0.004158293,-0.0017753192,0.008135604,0.005476629,0.008050949
S354,0.042404562,0.042426646,0.04179347,0.042101722,0.04513131,0.034907866,0.037164055,0.037198856,0.00046366148,0.0003660384,5.863506e-05,5.2488453e-05,4.1743828e-05,6.945209e-05,-3.3371492e-09
S66,0.054853167,0.055899423,0.036940943,0.029995153,0.032796126,0.033926357,0.009138298,0.043833125,0.0044721146,-5.17206e-05,0.028606318,0.02380038,0.00080858555,0.0006737687,3.0863783e-05
S39,0.04742328,0.0390876,0.032912765,0.028057666,0.006595066,0.0057420405,0.00074287393,0.00051009987,0.00035953906,0.00030943495,0.000116156145,0.000114334456,1.3634364e-05,1.0970808e-05,-3.9834896e-10
S110,0.023971722,0.023119412,0.025813011,0.012692084,0.015172666,0.028554019,0.015027217,0.007212619,0.0008995802,0.00088134967,3.3023724e-05,0.00051737524,0.00028313973,0.0002560347,0.00014269714
S257,0.001006951,0.0017367713,0.00052259833,0.0015373913,4.6357447e-05,6.1925304e-05,1.5168428e-06,1.1878517e-05,6.6858456e-06,9.159653e-06,2.6971115e-06,-5.9019317e-07,7.478552e-07,1.1665803e-06,-1.2173648e-10
S323,0.011640139,0.009389695,0.005324298,0.005369874,0.00019159337,0.00019105959,2.250399e-05,2.9131728e-05,8.134747e-06,-9.5974565e-06,8.617358e-06,3.7243708e-06,4.934199e-07,-3.2079356e-07,4.5946164e-10
S157,0.042405713,0.041853692,0.035921156,0.034579057,0.035891008,0.03727019,0.020937392,0.023029746,0.0037337954,0.004098258,0.004630348,0.0038658252,8.439919e-05,0.0006196698,0.00027249096
S268,0.009686316,0.011637904,0.008318395,0.0090440735,0.00093394954,0.0009756965,0.0005334987,0.00032602352,9.969975e-05,1.785759e-05,-1.5875043e-05,5.9779042e-05,2.474745e-10,9.728209e-10,1.757082e-09
S155,0.061760567,0.060435455,0.019400874,0.020185335,0.043015536,0.042641316,0.047407836,0.048053138,0.0038791185,0.0034340923,0.0021529358,0.0019969146,-4.2263047e-05,6.69741e-05,6.6193505e-05
S117,0.037599236,0.050686806,0.037374906,0.04041809,0.03861582,0.026710153,0.01934835,0.017886965,0.0012056583,0.0015799993,0.0002899095,0.0007592308,7.353346e-05,0.00017255193,-1.1368273e-09
S322,0.05565507,0.05397747,0.011786936,0.003680877,0.024806824,0.032896046,0.0263572,0.013849136,0.009397864,0.017325576,0.008062503,0.0070830234,0.005456242,0.004292734,3.3006236e-05
S85,0.03611793,0.036881726,0.005183353,-0.004359058,0.01519014,0.017328331,0.010804275,0.012302765,0.005797828,0.00094590697,0.0042098816,0.0012412138,0.001237683,0.0024659184,5.79838e-05
S4,0.020290075,0.014992419,0.020706004,0.014115943,0.006667587,0.006658662,0.0049855034,0.005075451,0.004135562,0.005365421,0.0026054857,0.0029385407,0.0016118663,0.0017256571,1.9070266e-06
S19,0.047366366,0.059214808,0.005093576,0.005182056,0.019432765,0.022832118,0.022949645,0.0026104245,0.025597394,0.022593971,0.016162036,0.016249016,0.0026336429,0.00360576,0.0029273154
S27,0.047302067,0.047333892,0.038445853,0.054860894,0.05051977,0.04372212,0.05574971,0.035428483,0.00022242621,0.0005277725,0.00013586342,0.00012832631,0.00010591672,0.00013799839,2.8254835e-06
S80,0.031376686,0.035728414,0.02936184,0.026321515,0.034407023,0.031849418,0.02231141,0.027695298,0.0157106,0.015764246,0.005669796,0.00671893,0.004407397,0.004420516,0.0009426596
S32,0.031244,0.060086522,0.047649257,0.04748092,0.049554296,0.044874042,0.05057867,0.04409958,0.05341153,0.040849045,0.05476758,0.030954888,0.0085324235,0.05297963,3.0969127e-07
S135,0.011825102,0.012751271,0.011905868,0.008798861,0.0050168205,0.0050324216,0.0017486347,0.00057398307,0.0004932261,0.00040233828,0.0001981288,0.00032505655,-4.781417e-10,2.5595505e-11,2.9987043e-10
S244,0.05163905,0.055705387,0.045114767,0.049759552,0.03782996,0.04134136,0.055653244,0.021206832,0.0026216153,0.05842195,4.075833e-05,8.616723e-05,3.318361e-05,8.7524866e-05,-1.6057336e-05
S190,0.058507364,0.044048037,1.3057965e-05,0.0025858071,0.024791446,0.024300689,0.018703151,0.018669674,0.026616253,0.009048338,0.01694647,0.015639266,0.0014794657,7.898094e-05,0.0012889872
S64,0.048713423,0.031871468,0.036481198,0.02468884,0.032831702,0.014544639,0.012813379,0.014857433,0.002445602,0.0023383347,0.01226598,0.013869836,0.010412112,0.00989448,0.0026355083
S148,0.05082068,0.05166716,0.050692327,0.045333974,0.05402575,0.064539894,0.02877215,0.043403395,0.030173285,0.029864345,0.03792759,0.00059349136,0.027896157,0.028035278,4.3609278e-05
S113,0.036031682,0.042522073,0.00018806968,-0.0008090782,0.0077631865,0.007305789,0.004645542,0.0036403076,0.0047444683,0.002770738,0.0013237207,0.0014242327,-5.825016e-06,6.456322e-05,-8.3681906e-10
S15,0.045370214,0.035573166,0.03565209,0.035171542,0.013308327,0.04363511,0.030041732,0.030048028,0.0135828145,0.011538418,0.01382526,0.014405885,0.00771538,0.0069058714,0.00031405716
S222,0.011888866,0.011463516,0.007664049,0.007648158,0.0070013823,0.006960006,0.0017613751,0.0011291222,0.0011973873,0.001123967,0.000661763,0.0003795994,1.7942488e-05,8.6491964e-05,1.5799427e-05
S275,0.013843228,0.007950048,0.010748622,0.01204374,0.0047786455,0.0034687307,0.00022601003,0.00023116752,6.253259e-05,7.561549e-05,-5.5980853e-10,-1.4398886e-10,1.7542073e-09,2.971507e-10,5.92964e-10
S24,0.026846029,0.036952663,0.03560576,0.015867582,0.027239772,0.02440605,0.014610114,0.0061603435,0.0060022613,0.0067380583,0.002309058,0.00014781118,0.0027062064,0.0028503733,0.00070850766
S266,0.059744198,0.058523424,0.045228846,0.043863423,0.0055397907,0.0015083223,0.0011468801,0.0013022345,0.00032711675,0.00063275424,0.000104526036,0.000105699204,6.208597e-06,6.6030084e-06,-1.3895135e-06
S273,0.0041231336,0.0031122388,-8.3549145e-05,0.000872307,0.00083400344,0.0005739415,0.00033756334,0.00019494689,8.661899e-05,0.0001112946,3.1856453e-05,3.4568824e-05,4.6336397e-11,6.9140936e-11,-3.6092112e-11
S167,0.06557056,0.06623817,0.0137860235,0.013060214,0.05848019,0.05552719,0.03823676,0.03992992,-0.00834816,0.00038450747,0.024456283,0.02498403,0.0003634837,0.0006048411,0.00011388564
S21,0.03604318,0.036093988,0.03692028,0.035095368,0.0008469286,0.0009103207,4.5897385e-05,3.089475e-05,3.6024332e-05,1.8454286e-05,2.8069526e-11,-3.4745506e-09,-7.6734386e-10,4.339233e-09,-2.5047892e-10
S356,0.04457367,0.044087846,0.044386692,0.052423827,0.042407773,0.032512747,0.02666476,0.028237369,0.0012446129,0.0012989854,0.0009900085,0.0004750976,0.0002230908,0.00016160692,8.98844e-05
S308,0.032218784,0.031940214,0.03159638,0.03151798,0.0012099727,0.0010795624,-0.0006837369,-8.839361e-05,1.6757778e-05,1.9506891e-05,-7.345568e-05,-5.7121233e-05,0.00011524112,0.00025315012,1.1084915e-05
S216,0.0011317421,0.0021463786,0.0002145986,0.00018226284,7.363577e-05,5.199359e-05,6.43052e-05,9.0260466e-05,1.349248e-05,2.3882438e-05,7.9693353e-07,1.2941387e-06,9.203959e-11,1.094367e-11,-7.861835e-11
S225,0.046852417,0.046564154,0.038786244,0.05123303,0.0609082,0.047002543,0.0203911,0.03382372,0.026091672,0.026268449,0.019818308,0.028517934,4.175198e-05,5.5398315e-05,1.8504682e-07
S215,0.03443329,0.03411489,0.040479656,0.026513692,0.031280965,0.02676393,0.0026111682,0.0013701754,0.00045513338,0.001732266,0.00049938937,0.00051989907,6.4532636e-05,4.6566074e-05,1.5000604e-05
S101,0.0043554655,0.0054188934,0.005090738,0.0025176115,0.0022850372,0.002486991,-0.00015932648,0.00031947196,-5.3714125e-06,2.559905e-05,8.865549e-06,8.623324e-06,4.5399903e-10,7.580984e-11,-5.006258e-10
S41,0.03207274,0.02516958,0.04108187,0.028783832,0.02110447,0.014968327,0.026603688,0.01307245,0.015072283,0.012383179,0.0035706672,0.0056972764,0.002531102,0.0032205805,2.0759853e-05
S182,0.029647566,0.025650652,0.020890372,0.010132176,0.017206648,0.027241148,0.016725412,0.011336355,0.00771712,0.011164208,9.275104e-05,0.00010544984,4.705124e-06,2.0368383e-05,2.1543742e-06
S193,0.030255264,0.030225797,0.02874827,0.031203324,0.033800222,0.02869625,0.0052000727,0.009664936,0.006034259,0.005353852,0.00017807761,0.00017381585,-4.6456035e-09,-2.0249533e-09,-7.49694e-10
S102,0.02023648,0.029377405,0.028873118,0.03079346,0.019645005,0.019200597,0.0005262428,0.0006635571,4.53911e-06,1.8731394e-05,2.8622485e-06,3.2803675e-06,3.3064427e-09,5.0998117e-09,1.4634031e-09
S219,0.028739735,0.020675957,0.012832571,0.016962674,0.0047502145,0.0065862387,0.009974529,0.009066577,0.00596855,0.0036865317,0.00061475084,0.00060567434,0.00015251155,0.00015676736,0.0001131022
S297,0.008989185,0.011508141,0.0074139335,0.0054547624,0.0037292237,0.000977359,0.0010240354,0.0008088256,0.0006681694,0.00067267404,0.0002628325,9.020906e-05,1.1663876e-05,1.088532e-05,-3.6333112e-10
S89,0.063817896,0.021318171,0.068459906,0.07496635,0.016999722,0.056042954,0.000496507,0.00030693185,0.008522901,0.06436242,0.06271908,0.009617754,0.030200047,0.030150333,0.037446335
S78,0.068011604,0.01470245,0.05666957,0.030416256,0.06212523,0.019295642,0.04447208,0.031377494,0.019663831,0.026805704,3.543691e-05,0.00035102156,0.00020215308,0.00017441662,4.0663585e-05
S262,0.054505415,0.0373434,0.045120496,0.058787126,0.02228482,0.06213948,0.038886886,0.04418587,0.034404974,0.037686784,9.4711195e-06,5.5300516e-05,1.10908195e-05,3.0034143e-05,2.7327194e-05
S57,0.038675737,0.04585609,0.054685064,0.04827904,0.051752,0.014164608,0.028862502,0.02857858,0.033926822,0.035667457,0.008188771,0.0061964584,0.0004101665,0.00033322143,0.00037734085
S260,0.037205048,0.044054277,0.0064075356,0.0042074886,0.036735125,0.017987903,0.004736325,0.004523976,0.010521883,0.011297888,0.008910854,0.004945138,0.0022777277,0.0026652452,0.00057660666
S126,0.0068466323,0.00428191,0.005147585,0.0028021503,0.0012989116,0.0011595438,0.00036985948,0.0003633223,7.2730116e-05,9.125509e-05,-1.4386827e-06,3.0935653e-06,-2.958287e-10,7.4199297e-10,8.5444915e-11
S292,0.048425633,0.05102331,0.0069770515,0.0057603386,0.022092113,0.015558097,0.0035420256,-0.0006458361,0.005221968,0.00745864,0.015589527,0.017713854,0.0017551831,0.0019904766,0.00085414184
S176,0.018902985,0.014499531,0.013963075,0.014136989,0.002068313,0.002533461,0.009527123,4.451158e-05,0.00028183774,-0.0005747043,0.0025826457,0.001993278,-0.00011671512,-0.0006386027,0.0003775243
S90,0.06605136,0.057742443,0.012134766,0.013202236,0.036477238,0.03154193,0.0011010228,0.0012360445,0.00014710541,0.00023879747,1.4589167e-09,1.8538777e-09,1.999446e-09,1.2305134e-09,-1.487037e-09
S258,0.0010066888,0.0017430761,0.0008725415,0.0012513237,1.6556716e-05,4.6340843e-05,9.266719e-06,2.2114364e-05,7.3402225e-06,6.6586967e-06,4.51375e-11,3.617236e-11,3.870749e-11,-9.589601e-12,3.9297253e-11
S71,0.0055332435,0.0048048766,0.0040789554,0.0029752862,0.0007807235,0.0011507722,0.0009345086,0.00083158654,0.00029019712,0.0002958188,5.402167e-05,3.3455533e-05,-6.4682763e-06,1.2200429e-06,4.7635076e-05
S123,0.00047773667,0.00088199985,0.00043477176,0.00038015176,1.5487627e-05,9.667301e-06,8.3665914e-11,-1.1042169e-11,1.3104772e-11,1.2684439e-11,3.1855248e-11,-8.086913e-12,-1.1702785e-11,8.034465e-12,-2.943397e-11
S298,0.012410362,0.009743397,0.0078589395,0.005696551,0.0022981772,0.002110569,0.00018678956,0.00017849416,4.4433415e-05,0.000107261396,2.4537328e-06,1.9460394e-06,-1.6239211e-09,1.1917679e-09,1.8267092e-09
S74,0.021987924,0.029134978,0.020401198,0.029864436,0.013502987,0.0027502496,0.011833624,0.01794152,0.0032092314,0.003595034,0.0005882888,0.00036146128,0.00028948046,-4.140096e-05,8.0715094e-05
S146,0.056942973,0.058284346,0.04124483,0.048837554,0.06371747,0.03022503,0.013754246,0.016019966,0.02678215,0.011876271,0.0003288506,0.0005114357,0.0003225784,1.2262516e-05,0.0001551372
S226,0.006896989,0.005994766,0.0051698,0.0060491357,0.00421023,0.0038635482,0.0035776251,0.0034701342,0.002310102,0.0019542563,-2.56795e-05,8.148633e-05,0.000100094316,5.0644514e-05,7.3167107e-06
S34,0.04069044,0.040082663,0.024483854,0.025715306,0.013484939,0.030915847,0.018222878,0.024566196,0.02501738,0.008514678,0.00019371492,0.01454231,0.0141548375,0.013905121,0.0007256641
S82,0.06157115,0.06094261,0.024936477,0.023880174,0.064504966,0.012364937,0.012249836,0.061863184,0.039616045,0.03966543,0.0050609196,0.0048112827,0.00017498032,0.00017222164,-1.19211325e-08
S53,0.05135066,0.051801108,0.0042654695,-0.01135142,0.014962508,0.0135834385,0.025368083,0.025250092,0.01656365,0.016120393,0.0062380633,0.0062359786,0.0033262277,0.0031527746,0.0038471804
S236,0.04288095,0.036425747,0.03301544,0.03888369,0.033665374,0.041242875,0.012626491,0.012812541,0.0012319133,0.0012569361,-1.7781717e-09,-1.2064955e-10,-3.0615168e-09,6.7117956e-09,-4.363154e-09
S195,0.04705909,0.047058616,0.041893676,0.053143986,0.05109216,0.037625324,0.0008849703,0.0010539884,1.1428135e-05,6.563568e-05,0.000101467784,8.803783e-05,3.4790692e-06,-8.164255e-06,4.338348e-06
S329,0.06272799,0.06303731,0.06330374,0.063503526,0.03016797,0.018904058,0.028566917,0.01488659,0.03859987,0.049523614,0.039022893,0.03896505,0.031651966,0.01407625,0.00020074175
S164,0.032695115,0.03489285,0.03843662,0.029402463,0.033615835,0.028850678,0.024697596,0.022596624,0.030068798,0.022703502,0.0071034487,0.007656757,0.0006750465,0.00019880453,3.0064176e-09
S245,0.053912435,0.05372026,0.03894778,0.043549582,0.04321041,0.04711433,0.059494596,0.025341472,0.040630005,0.040516723,0.0560099,0.012992563,0.03486479,0.03490302,0.00015918065
S248,0.05898857,0.06607114,0.01496451,0.016792927,0.047866896,0.022086184,0.03133102,0.031031331,0.0017125582,0.001629437,0.00015825918,0.0002953159,9.4828574e-05,5.649738e-05,-2.0476877e-05
S125,0.048148468,0.04811467,0.06728388,0.06512625,0.011231184,0.034717202,0.032763787,0.04531551,0.041891553,0.041884378,0.0034243756,0.0040907767,0.0011456738,0.0011315854,1.0473227e-05
S290,0.068732925,0.069079936,0.04273772,0.048075218,0.01261233,0.035290483,0.023865683,0.018350903,0.020959908,0.018504068,0.0020900513,0.0023550133,0.00033100092,0.00018392631,2.7394643e-05
S143,0.04440335,0.045087546,0.0051801465,0.009120636,0.024108365,0.023685768,0.012734654,0.008589445,0.007042003,0.0067967675,0.00043388145,0.00026473938,0.00053252064,0.0003063643,3.7132686e-09
S278,0.023938218,0.019736132,0.01392746,0.027059669,0.019473882,0.016604241,0.010475063,0.008426102,0.006086397,0.0074068066,0.004454138,0.004010836,0.00097420457,0.0009399322,1.18905045e-05
S191,0.02254801,0.029497007,0.018460736,0.029219849,0.01891205,0.014579992,0.0062726955,0.0058647324,0.0033204074,0.0029472676,0.0021669227,0.002190878,0.0021041096,0.0019966732,0.00017574134
S325,0.024020905,0.02431656,0.014063959,0.027383652,0.02167596,0.018438175,0.012653941,0.029990701,0.013110003,0.014461513,0.0008817124,0.0011624632,8.011245e-05,2.4714802e-05,2.0220861e-05
S184,0.06568414,0.065989606,0.05118793,0.0456888,0.0013010695,0.00055792526,0.045234226,0.027531017,0.017361,0.017406454,0.016115567,0.015901128,0.00014151336,0.00016008099,4.7142823e-08
S224,0.047882523,0.058946416,0.0049287863,0.005956933,0.058884006,0.023741348,0.027422244,0.024196144,0.006420943,0.0075353533,0.0017511608,0.000697603,7.0117703e-06,8.112901e-05,-1.42020335e-05
S6,0.04812584,0.046100717,0.03918318,0.04095684,0.013565386,0.012035571,0.014434399,0.014717381,0.0002803923,0.0001800122,-5.8120995e-06,2.7487282e-05,-3.5960903e-09,-1.2984911e-09,-2.6587729e-11
S159,0.039449207,0.02958138,0.027666524,0.02758056,0.028846866,0.026814342,0.019882573,0.019096468,0.032678135,0.0302026,0.0017441598,0.0020538378,0.02083219,0.020469086,0.018827613
S124,0.043724615,0.041697033,0.048414342,0.03292382,0.05010968,0.058077164,0.014911857,0.003538891,0.012431183,0.014172824,0.0052939407,0.008929581,0.0035242934,0.005042892,0.0037566442
S326,0.053685814,0.040896893,0.04909714,0.045949478,0.06720195,0.0024385361,0.030654848,0.059870094,0.044413242,0.04444097,0.040201947,0.036934786,0.04005022,0.03505654,0.00011908085
S180,0.028207665,0.03549543,0.012646128,0.017067786,0.03252706,0.014981334,0.016793242,0.01709994,0.0033989842,0.004233764,0.00085999526,-5.791537e-05,0.00035497273,0.000361325,-1.697727e-09
S75,0.004760466,0.0067360764,0.0006885764,0.006442147,0.0030608948,0.003528437,0.0009900057,0.0012273422,0.00013545719,0.00061558845,0.00041058424,0.00046615262,-4.479198e-05,0.00026288631,0.00011799114
S106,0.03669235,0.037222665,0.03274512,0.031066665,0.026739975,0.035656895,0.023691026,0.029899051,0.0004107612,0.0014633555,0.00041993946,6.4920736e-05,0.00029833143,-2.0057454e-05,6.0790284e-05
S76,0.0046821972,0.0056727,0.004175813,0.004998618,0.0025466422,0.002509802,0.0007383966,0.0007807233,0.0003497964,0.00037959134,0.00014608484,0.0002558257,2.185504e-05,1.2168394e-05,2.161485e-06
S309,0.011784769,0.011800138,-0.002509524,-0.0040331967,0.0017034297,0.0034045002,0.0024670833,0.0014793591,0.0004843908,0.0007289935,-0.00012587223,-3.867157e-05,-0.0002931001,0.00040306235,8.554124e-05
S293,0.020917658,0.021291366,0.024003338,0.01716901,0.0019134067,0.0018629851,0.0020429026,0.0019774223,0.0015898256,0.0016433569,0.0013376814,0.0013560032,1.0839651e-09,-2.3076895e-10,1.5725571e-10
S166,0.038354225,0.037625678,0.020423898,0.02487348,0.009816972,0.012575378,0.0148582645,0.013867681,0.003146289,0.01867726,0.018802587,0.006327805,-0.0010469563,0.00040100922,0.0001237648
S3,0.06692914,0.06606199,0.005792168,0.0057119615,0.059654158,0.00653824,0.027883265,0.027828459,6.7361485e-05,7.831044e-05,-1.0457183e-08,2.0678743e-09,4.6116204e-09,1.26726745e-08,5.537885e-09
S285,0.061756957,0.06621519,0.017189017,0.01576756,0.03534821,0.015492843,0.005670281,0.0065666195,-0.0006458572,0.0011417792,-0.00015421935,0.0025400366,0.0012779263,0.0013865111,0.00048678345
S256,0.0045401542,0.0030546316,0.0023569793,0.0027725121,0.0012193291,0.0006993591,0.00038832138,5.4080727e-05,0.00030014894,0.00037115128,3.702935e-05,1.6476448e-05,8.473017e-06,4.378227e-05,-2.7522836e-11
S162,0.06470015,0.06386232,0.06660046,0.03651665,0.038695417,0.04653459,0.016801307,0.013915794,0.02553629,0.023437545,0.0028111753,0.0033851673,0.00018573704,0.0003151403,2.7160713e-06
S320,0.049068253,0.05087613,0.023822231,0.021862773,0.001817011,0.04579685,0.010738749,0.012456379,0.009887414,0.012408669,0.007752777,0.006262048,0.008172386,0.0057835095,0.0053690374
S282,0.044400286,0.06226074,0.00010564174,0.0009902304,0.026977096,0.021259686,0.00058179797,0.0002838594,0.00021742421,0.00048523454,9.155456e-05,0.00042321195,3.0222492e-07,6.113827e-06,1.0879295e-05
S147,0.0627232,0.054838255,0.004122888,0.007101923,2.9324865e-05,0.0012199442,0.0026261918,0.0020339582,0.0025533761,0.0017161426,-2.2288473e-06,0.0001675587,3.0950278e-06,3.0846886e-06,1.2104633e-06
S230,0.061724823,0.06183626,0.04698307,0.051934652,0.026068648,0.026104541,0.041217007,0.041225236,0.0055281213,0.0057845116,0.0054514324,0.004074663,0.00018680727,0.000892091,0.0004232631
S355,0.019964864,0.029163696,0.02371773,0.01487655,0.013650887,0.013336448,0.003494936,0.0034786265,9.512351e-05,0.0012341627,-0.00037840262,0.0019321154,0.00011438712,0.00043161688,9.7749136e-05
S189,0.043052915,0.043120287,0.04227151,0.045641713,0.03574908,0.04297745,0.046913754,0.032811172,0.036506627,0.03823375,0.0026880382,0.0023513767,0.00038057272,0.0003428658,7.405322e-10
S73,0.058887653,0.057114847,0.0020143874,-0.0012561005,0.008833234,0.0060176053,0.0090434505,0.0053865616,0.0024899112,0.0018898045,0.0011272043,0.0011276478,-4.454897e-05,9.999479e-05,2.8054501e-05
S178,0.047446847,0.04750784,0.038293757,0.055292193,0.042757556,0.051912393,0.010415248,0.06403996,0.0001528257,0.000130861,7.717708e-05,5.654837e-05,4.2698437e-07,4.0587034e-05,-1.8465266e-06
S47,0.061421916,0.053409357,0.022434315,0.023953639,0.023173241,0.013998067,0.021325905,0.014823959,0.009651644,0.011561511,0.001510839,0.001901083,0.0018835383,0.0011121301,0.0008399932
S288,0.00011024756,3.847859e-05,4.0571493e-05,3.3407785e-05,5.8072055e-06,5.845294e-06,-2.6704922e-06,1.2036614e-06,9.3851605e-07,1.0942653e-06,-1.0048616e-12,-6.1326795e-13,-3.2157874e-12,-5.5810118e-12,2.9495646e-12
S294,0.011965221,0.012060581,0.015301175,0.009135026,0.009943819,0.012977676,0.014760327,0.003607947,0.008224908,0.0085571185,0.00019453373,0.00018737266,-2.8526887e-05,4.1040883e-05,-3.1894581e-10
S173,0.041260894,0.040958334,0.026768848,0.023966448,0.023721235,0.018693866,0.0015269798,0.010860451,0.00966767,0.008256375,3.5470617e-05,0.00019104965,-5.272347e-09,6.166339e-09,2.7359957e-09
S145,0.058986764,0.045976285,0.014204079,0.008822997,0.02644287,0.030065851,0.027896816,0.025055805,0.0026341365,0.003843754,0.00039020885,0.00018105839,6.2416104e-05,4.1455918e-05,5.0105946e-09
S22,0.026665863,0.029110666,0.023356738,0.013652883,0.004730186,0.0019878158,0.013409826,0.015687745,0.007890199,0.0057798256,0.0068062814,0.008172829,0.00011729407,0.00012036104,7.0733695e-05
S108,0.091055036,0.007034567,0.00041522094,0.00024736713,0.082984544,0.030013578,0.022281861,0.033505924,0.00039622025,-0.00067854166,5.881143e-06,5.698769e-06,1.9236786e-08,7.4203412e-09,-5.9978494e-10
S163,0.04761695,0.047503002,0.047716323,0.04777847,0.013812846,0.065892994,0.037470154,0.052530307,0.0057629426,0.005487151,0.006396149,0.0024811137,3.3077336e-06,3.3092733e-06,1.7571319e-06
S199,0.029866224,0.03101308,0.020589493,0.028153501,0.0059813387,0.008416863,0.008425366,0.012419219,0.011301245,0.009899797,0.0073480825,0.0097397845,0.004267525,0.00435287,9.095968e-05
S26,0.06874368,0.06823097,-0.000580632,-0.005064666,0.02054792,-0.013310589,0.011579914,0.0044879904,0.0017375136,0.0016713089,0.0011580848,0.0025011268,-5.364181e-05,0.0003280915,0.00016952309
S280,0.07058546,0.04318948,0.06504339,0.008146812,0.009133564,0.050978594,0.039991062,0.030102106,0.0123643875,0.05481022,0.0024734125,0.010393457,-4.1769523e-05,0.0005659825,-7.553566e-09
S139,0.060348254,0.063626334,0.009016568,0.015228943,0.033937074,0.050748557,0.0061996034,0.0061482787,0.005869261,0.0061113155,0.00065773836,0.000521827,1.7530037e-06,1.0869103e-06,-3.771708e-09
S211,0.036638062,0.04091426,-0.0124638565,0.006180769,0.012430075,-2.9229293e-05,0.008125984,-9.622567e-05,0.0003005692,0.006293237,0.00070425484,0.00033802458,7.7339396e-10,2.5354405e-10,-3.442544e-10
S233,0.10048799,0.02725845,0.03934805,0.05537831,-0.0011016714,-0.002695065,0.04350088,0.05115073,0.0455638,0.025530636,0.06137113,0.01569457,0.023765989,0.01702314,0.0007076414
S232,0.046826005,0.046424378,0.036105484,0.032826357,0.021984454,0.044132527,0.023332387,0.0025448927,0.022968663,0.022795256,0.018412827,0.00585862,0.0015200516,0.0008782997,-6.1117535e-05
S210,0.031167578,0.059418008,0.045198496,0.04470058,0.038172264,0.049018115,0.048009865,0.036723744,2.6829777e-05,2.0395619e-05,2.7116173e-06,1.3446273e-06,8.000624e-09,-7.686653e-09,3.398389e-09
S140,0.06649925,0.066433094,0.047689404,0.04710301,0.010144985,0.010111613,0.037128005,0.037152737,0.035855442,0.035987873,0.00024924972,0.0002631256,7.824359e-05,6.0328017e-05,3.9582778e-07
S201,0.050490737,0.050771814,0.051566556,0.033549517,0.03765911,0.045869485,0.038204018,0.038180158,0.00046287198,0.000289192,1.4153507e-05,1.2934086e-05,4.389742e-06,1.0788188e-05,8.0630954e-08
S134,0.030801741,0.03185155,0.017038926,0.0053343815,0.030958641,0.0014168893,0.014100717,0.009890508,0.0014844766,0.0009935932,0.0005666964,0.00031640154,0.00013240604,-7.5878095e-05,6.6642715e-06
S18,0.05631599,0.05895182,0.034128517,0.03700658,0.03797191,0.041654207,0.04203918,0.033702783,0.054544494,0.022471363,0.034493193,0.038814,0.025205797,0.0249735,0.0011168892
S156,0.025205916,0.030277692,0.035160255,0.0071046026,0.020091692,0.021119162,0.016539065,0.024495764,0.0076966593,0.00795771,0.007992491,0.008478808,0.006163092,0.00595584,0.0034470018
S77,0.049177352,0.048978046,0.044579215,0.04475396,0.06404826,0.005215466,0.034238905,0.036505133,0.024818901,0.021528678,0.00045373593,0.00018444603,0.00018614733,0.00021012161,0.00025308947
S286,0.038258623,0.04728047,0.0126738,0.018193457,0.0039516324,0.033080477,0.019338584,0.02000779,0.014308705,0.018915106,0.0014608297,0.0013166791,0.00018042405,0.0008915671,1.7102235e-05
S43,0.0025383388,0.003895387,0.0034681747,0.0024041976,0.0014869336,0.0014409669,8.9766916e-05,5.7077334e-05,2.1402932e-06,9.915073e-06,-4.759808e-10,4.5488058e-10,1.1772276e-10,5.1002053e-11,-2.9180443e-11
S28,0.02085264,0.013362277,-0.0011170006,6.69741e-05,0.0067776428,0.007283319,0.003131229,0.0030321623,6.653489e-06,0.0009751506,0.000103250546,4.084067e-05,1.4804428e-05,4.9633913e-06,1.2733217e-09
S93,0.03920126,0.044326596,0.044972487,0.039220102,0.021097148,0.032920998,0.0026649497,0.0017162627,0.00050746166,0.0007364655,0.001112333,0.0006657895,1.2149556e-05,1.9315228e-05,5.110159e-06
S54,0.03212612,0.033024207,0.031100767,0.031435654,0.02923254,0.028585622,0.031042406,0.030050507,0.019229984,0.020798031,0.0076628667,0.005915832,0.0015746588,0.001225098,0.00054646685
S142,0.08181207,0.08218602,-0.02481837,-0.025101278,-0.018599657,-0.037330158,0.018898284,0.01986221,0.036666553,0.033489652,0.00026766275,0.00046276057,1.5388126e-05,3.4836754e-05,6.0532816e-06
S332,0.053947285,0.04885417,0.033928983,0.03175949,0.0011225569,-0.0014158617,0.023293886,0.015041329,0.013641599,0.0130672995,0.0053631403,0.005386924,0.0022489235,0.0024255088,0.000113870236
S171,0.043746907,0.04335891,0.04215608,0.042653102,0.049196858,0.026680734,0.011148466,0.042937662,0.0016432075,0.0016789923,0.0010164144,0.0008029858,0.00015394638,3.9973696e-05,0.00012505199
S35,0.012792579,0.012908662,0.004134577,0.0010400276,0.006003278,0.007829321,0.0013164481,0.0011488391,0.0006429974,0.0015795208,0.0003968175,0.00016045819,0.0003012154,0.00038732038,-0.00017491229
S132,0.026622292,0.027618924,0.0007206335,0.0018109172,0.0037405852,0.0025616728,0.00016906664,0.00026223608,-0.00034638043,-0.000463106,7.1075665e-05,-0.00027200143,1.2654168e-05,0.00037957923,-6.9350914e-10
S281,0.06756214,0.067195274,0.050644908,0.044137962,0.003187359,0.003138341,0.04020991,0.038993128,0.04060997,0.040477213,0.03719272,0.02022216,0.02843219,0.029685978,-9.727886e-05
S353,0.04432518,0.043961626,0.03907277,0.04299143,0.035151597,0.03557366,0.0060998257,0.00659307,0.007674747,0.0061291186,0.0028602956,0.0023713452,0.001360583,0.0008377573,0.00070100697
S168,0.028423304,0.026061552,0.030956475,0.01784323,0.022503817,0.02761299,0.028046342,0.016235892,0.005719401,0.0072021345,0.0051956945,0.005216064,0.0016351665,0.0014820624,1.01618225e-08
S16,0.0346963,0.03386742,0.021175638,0.04184265,0.032203715,0.02222583,0.0028096174,0.0036354568,0.0029646377,0.0031790368,0.00022661775,0.00020209335,-1.63345e-05,0.00014221415,1.3364995e-10
S227,0.029396236,0.029119905,0.025798846,0.021385398,0.01589904,0.024164243,0.0054168883,0.0071706274,0.007872282,0.0027414549,0.009588662,0.006649387,0.0004675213,0.00022344486,3.2695982e-06
S177,0.044717032,0.044284727,0.00067121186,0.07237588,0.0031174393,0.04504062,0.03018344,0.031473663,0.01896129,0.019616218,8.3685845e-06,2.0590433e-06,-5.6785487e-09,3.5700207e-09,1.1192741e-09
S324,0.02981619,0.027855527,0.029673787,0.027628703,0.00188687,0.0029298435,0.0007073933,0.0017769228,0.00050745095,0.0004870745,1.7290224e-05,9.06351e-06,5.354936e-06,4.3023615e-06,-2.2300204e-09
S279,0.03524557,0.035038218,0.034443095,0.035218015,0.007576077,0.0073167994,0.00016848643,0.00047767765,4.6924022e-05,9.9439385e-05,8.832215e-05,4.4830278e-05,-5.981999e-09,-6.8556707e-09,-4.6440193e-10
S87,0.044451367,0.044052843,0.047910076,0.039405283,0.04141867,0.04164068,0.03668396,0.03861207,0.027377395,0.036860425,0.004328143,0.045821037,5.3763244e-05,6.064802e-05,2.4304723e-06
S239,0.004352468,0.0055888486,0.0036908307,0.0021249498,0.0016619691,0.002956054,0.0018361586,0.0018457777,0.001499501,0.0021479598,0.0007797359,0.00060962496,-6.300639e-05,0.0002490559,6.1221517e-06
S185,0.0041896817,0.006847928,0.0034479715,0.0046275323,0.0013549374,0.0011229431,0.0004393849,0.0004390786,0.00010284822,2.0194737e-05,-1.9555498e-06,3.6772392e-06,-9.464104e-11,2.5209396e-10,2.833682e-10
S83,0.059876062,0.060432855,0.0056799473,0.006354312,0.026455252,0.03611736,0.032863982,0.019690193,0.0025684077,0.0048119156,-4.783441e-05,-0.0017173169,0.0003712323,0.0028620411,0.0017295039
S223,0.05458519,0.052815977,0.053259697,-0.00068760675,0.04447144,0.04693014,0.035708506,0.035859503,0.0012421953,0.0013501232,9.3999195e-05,9.253491e-05,2.8089862e-05,1.6178547e-05,1.3936161e-05
S331,0.011839223,0.008437609,0.0074507147,0.0070939846,0.004730439,0.00988717,0.002277649,0.0019113092,0.0017211041,0.0019885257,0.0013631879,0.00092434394,0.00095813075,0.0012356964,0.00030514644
S105,0.03090057,0.03618685,0.03155656,0.026778009,0.026315298,0.017955417,0.017787745,0.030325688,0.021249032,0.02004087,0.019607745,0.0010138133,0.0011233848,0.00047086406,-8.5527946e-10
S306,0.059049997,0.055317648,0.040569976,0.041260965,0.028404312,0.023107903,0.01704673,0.010933604,0.000707142,-3.920974e-05,0.0036451146,0.0014632887,0.0054222485,0.0060445615,0.00023418361
S165,0.011114142,0.009104042,0.008803489,0.008870541,0.008696983,0.0078063863,0.0013743346,0.0008208198,0.00014073914,0.000101329126,5.908338e-05,3.3053253e-05,5.5201787e-07,1.5623683e-06,-2.7785202e-10
S231,0.06333534,0.06337885,0.025230322,0.012558213,0.03628204,0.05599937,0.040472873,0.040425602,0.053660695,0.0075439415,0.00406333,0.0037778981,0.0023790016,0.0020374882,4.054239e-05
S25,0.028604329,0.023689125,0.018498132,0.0068628695,0.021575501,0.016257063,0.010960271,0.010490087,0.0053278855,0.006578765,0.00077611563,0.00070247706,0.00054837175,0.00068456726,0.00034146314
S2,0.010006781,0.005799909,0.0020758745,0.003409184,0.0021080629,0.003718242,0.0007951727,0.0006241597,2.3423185e-05,0.00014077467,-3.4928688e-10,-4.803937e-10,-3.3297146e-10,8.788125e-10,5.9076244e-10
S202,0.011395264,0.009373179,0.009258018,0.009528079,0.006492005,0.005839998,0.002524475,0.0023246962,0.00025551248,0.00018284108,0.00076160475,0.0006909469,0.0002755591,0.00018315173,-1.2763062e-09
S302,0.03937104,0.038646214,0.036112946,0.036341973,0.02381735,0.038971085,0.018391037,0.012896193,0.0057764556,0.0064912876,0.00061078754,0.0006046976,7.3933756e-05,0.0002759,3.020934e-06
S49,0.02730687,0.023379747,0.025697406,0.018837467,0.01751254,0.016681876,0.014110727,0.006324813,0.0057474785,0.004115081,-0.00021620964,-0.00066730374,0.00031142018,0.0005461556,0.00022766342
S206,0.053714283,0.041309305,-0.003971708,-0.0027201313,0.017294835,0.014610962,0.018705329,0.0061151115,-0.0007402959,7.8085184e-05,0.00013055722,0.001530998,0.00075608,0.00066995336,-0.00013689706
S88,0.072002254,0.07160491,0.006163845,0.0044212244,0.04320405,0.03465213,0.04055223,0.05774082,0.037948668,0.040687107,0.026040902,0.025635108,0.00048904866,0.0001688815,0.00034579172
S161,0.045602616,0.052809842,0.032407396,0.033014223,0.0026895392,0.0028616346,0.009301159,0.021127487,0.0127336215,0.010910249,0.026672548,0.017590597,0.013178287,0.011036025,0.013694647
S250,0.08266429,0.07707524,0.017620865,0.022400549,0.015837308,-0.015823519,0.027831106,0.030471388,0.008453875,0.0073637776,0.0018863028,0.0019277087,-0.00044818028,0.0014427225,1.6997265e-06
S261,0.046271324,0.032183975,0.0064640245,0.0024343107,0.017538574,0.024488201,0.00593806,0.006002242,0.008851778,0.008474427,0.007717452,0.0059101423,0.0006414979,0.00065606146,0.0004378707
S271,0.014085659,0.06711878,0.044812586,0.049786113,0.066753834,0.004149746,0.056765243,0.03266448,0.0755803,0.047741067,0.012668483,0.011744734,0.028667597,0.013504152,3.092333e-06
S181,0.063985005,0.06371049,0.055050034,0.03013755,0.014054757,0.060646232,0.038657427,0.04817177,0.008905436,0.0029277538,0.05207779,0.020264992,0.0035089222,0.0034033554,0.003454281
S175,0.046652738,0.04635315,0.04900382,0.044109643,0.00916974,0.08683521,-0.0045200726,0.0041259825,0.00023187304,5.517791e-05,5.8021724e-05,2.6913931e-05,1.4772067e-07,3.7809738e-07,1.3536918e-07
S38,0.030139133,0.024818275,0.020292964,0.020757742,0.013170952,0.023356007,0.004985905,0.006722002,0.0014106213,-0.00012376993,0.0020665694,0.0017266279,0.00023746329,0.00012158662,-2.4112702e-05
S207,0.053064607,0.043489996,0.022176126,0.024826316,0.018621514,0.018821523,0.022217657,0.005184067,0.0144686485,0.01928358,0.00043693272,0.0012606455,0.0023942415,0.0021947254,-3.5589663e-05
S118,0.0807599,0.08077213,0.058808845,0.031911455,-0.011211428,-0.011615886,-0.009786222,-0.009802612,0.03423026,0.045539994,0.03493196,0.040221,4.7027078e-07,3.162433e-06,-6.9911255e-10
S209,0.0042204866,0.0053291386,0.005977166,0.005460827,0.0053463434,0.0030147005,0.002493425,0.0015238883,0.00085676,0.0010686227,0.000113145,0.00016841484,-9.768687e-05,0.00011772179,0.00015409029
S115,0.047272656,0.04813431,0.043131165,0.050824992,0.023423715,0.062730975,0.0068615563,0.005656106,0.0017860369,0.0025885808,0.0001724102,0.00016577369,6.6652654e-05,8.607242e-05,1.715617e-05
S307,0.06961297,0.06435764,-7.920047e-06,0.0027151452,0.032866895,0.017247422,0.004069716,0.0020359766,-0.0008033704,0.0023151871,0.0006022734,-0.0014001162,0.0049884026,0.0038007807,0.0032220786
S13,0.024905412,0.020328956,0.025480708,0.009561892,0.012656008,0.014353354,0.016476968,0.0046375925,0.0016181814,0.0016378154,0.0009699911,0.0009501375,8.049964e-06,1.4940454e-05,1.932446e-05
S287,0.000115588926,9.6070704e-05,4.0648196e-05,5.427748e-05,1.510261e-05,1.3500868e-05,1.1834025e-05,9.766962e-06,-5.337518e-07,-7.276976e-07,-8.938154e-12,4.716567e-12,1.4036278e-12,1.4414673e-13,-7.9577013e-13
S160,0.02386297,0.024126342,0.028822515,0.016893271,0.02057089,0.025146708,0.0020175998,0.0011801466,0.00037503854,0.0013110811,0.00020041876,0.00015802826,6.2198436e-05,-5.1430884e-06,9.858594e-07
S263,0.04852694,0.04849243,0.039911468,0.053806067,0.050255783,0.044075042,0.05854283,0.029365351,0.048298586,0.075239025,0.011853872,0.0125677725,0.01637495,0.02713571,1.8917992e-06
S198,0.093095675,0.037659474,0.0014036251,0.0122203445,0.042201526,0.036821533,0.050025884,0.045061897,0.04546304,0.023161544,6.323894e-05,7.1602095e-05,3.0527975e-05,3.0159077e-05,1.02108925e-05
S204,0.047832966,0.045291465,0.040055722,0.037556726,0.0014707957,0.0018590027,0.013159299,0.010158337,0.0073745376,0.005422398,0.004238325,0.0043437458,0.00095577876,0.0013018427,1.2728358e-05
S305,0.04699814,0.045130692,0.05211817,0.038767163,0.013839223,0.0155655695,0.025020568,0.031898502,-0.00069663045,0.0012687106,0.0049958094,0.0026026438,0.0018803837,0.001321063,3.9928123e-05
S203,0.032282952,0.036160488,0.0030659507,0.0002289459,0.0032652463,0.00047140196,0.01424499,0.014558611,0.015921786,0.01884415,0.0060973507,0.007445984,0.0018275192,0.004365889,0.0014133255
S251,0.052243546,0.06613883,0.008044525,0.009968329,0.034943312,0.030636365,0.039442055,0.031687282,0.024471704,0.024271037,0.0018356198,0.0031963293,2.7537235e-05,0.00016815224,4.96259e-07
S107,0.0031325775,0.0053689172,0.0019129136,0.0029149076,0.001176958,0.0012782728,0.00031761243,0.00026286716,1.6082458e-05,2.066284e-05,7.206116e-06,2.8555305e-06,4.1110276e-10,6.244653e-12,1.1539339e-10
S119,0.06356807,0.062050592,0.028232565,0.025926074,0.03662297,0.03474571,0.029219255,0.039959382,0.019190535,0.032895442,0.016388975,0.023011569,0.0043016067,0.0044097444,0.0007698134
S284,0.049888436,0.04283998,0.0070011695,0.0057503968,0.023096072,0.023384394,0.010254202,0.0065320935,0.0030522847,0.0028204392,0.003055596,0.0029352368,0.0017295203,0.001417753,1.2509189e-05
S303,0.04937126,0.04733208,0.05202651,0.05026983,0.0020799874,0.05583621,0.029506586,0.027773349,0.05092103,0.05606452,0.00051655044,-0.00024727455,-0.0045289104,-0.0030961607,0.003913486
S33,0.050813142,0.052369237,0.04144673,0.035089355,0.06708329,0.0059062946,0.032441404,0.032984316,0.021683827,0.021632662,0.0027611405,0.0021498618,0.00027856545,0.00033497886,2.3094323e-08
S253,0.0054788743,0.008499384,0.004746986,0.0073039522,0.00091279164,0.0010341447,0.000352986,0.00034473385,0.000101403966,0.000113361064,0.00013831082,0.00015702863,3.5135703e-10,9.0485015e-11,-1.8061487e-10
S158,0.0007461191,0.0014799042,4.073509e-05,3.7808746e-05,-2.0138139e-06,1.0327811e-05,3.5801077e-07,6.768244e-07,5.414601e-08,4.4597468e-07,-1.3665657e-10,8.862322e-13,4.838911e-11,7.602201e-12,6.5282344e-13
